1 2
1 9
2 3
2 9
2 10
3 4
3 10
3 11
4 5
4 11
4 12
5 6
5 12
5 13
6 7
6 13
6 14
7 8
7 14
7 15
8 15
8 16
9 10
9 17
9 18
10 11
10 18
10 19
11 12
11 19
11 20
12 13
12 20
12 21
13 14
13 21
13 22
14 15
14 22
14 23
15 16
15 23
15 24
16 24
17 18
17 25
18 19
18 25
18 26
19 20
19 26
19 27
20 21
20 27
20 28
21 22
21 28
21 29
22 23
22 29
22 30
23 24
23 30
23 31
24 31
24 32
25 26
25 33
25 34
26 27
26 34
26 35
27 28
27 35
27 36
28 29
28 36
28 37
29 30
29 37
29 38
30 31
30 38
30 39
31 32
31 39
31 40
32 40
33 34
33 41
34 35
34 41
34 42
35 36
35 42
35 43
36 37
36 43
36 44
37 38
37 44
37 45
38 39
38 45
38 46
39 40
39 46
39 47
40 47
40 48
41 42
41 49
41 50
42 43
42 50
42 51
43 44
43 51
43 52
44 45
44 52
44 53
45 46
45 53
45 54
46 47
46 54
46 55
47 48
47 55
47 56
48 56
49 50
49 57
50 51
50 57
50 58
51 52
51 58
51 59
52 53
52 59
52 60
53 54
53 60
53 61
54 55
54 61
54 62
55 56
55 62
55 63
56 63
56 64
57 58
58 59
59 60
60 61
61 62
62 63
63 64